{
    "R": {
        "0": {
            "0": [
                31.416816438270224,
                58.980630276635665
            ],
            "1": [
                58.980630276635665,
                31.416816438270224
            ]
        },
        "1": {
            "0": [
                43.29596498932713,
                64.3528034736575
            ],
            "1": [
                64.3528034736575,
                43.29596498932713
            ]
        },
        "2": {
            "0": [
                66.31482736972487,
                15.89759733158318
            ],
            "1": [
                15.89759733158318,
                66.31482736972487
            ]
        },
        "3": {
            "0": [
                11.185119239938672,
                85.37221738868139
            ],
            "1": [
                85.37221738868139,
                11.185119239938672
            ]
        },
        "4": {
            "0": [
                33.341861289520686,
                31.089786494202674
            ],
            "1": [
                31.089786494202674,
                33.341861289520686
            ]
        },
        "5": {
            "0": [
                99.60803519594165,
                52.32371567702032
            ],
            "1": [
                52.32371567702032,
                99.60803519594165
            ]
        },
        "6": {
            "0": [
                85.28153061469499,
                52.87178878294014
            ],
            "1": [
                52.87178878294014,
                85.28153061469499
            ]
        },
        "7": {
            "0": [
                67.51613264897458,
                23.555478162117154
            ],
            "1": [
                23.555478162117154,
                67.51613264897458
            ]
        },
        "8": {
            "0": [
                67.13745924566696,
                88.12407764289671
            ],
            "1": [
                88.12407764289671,
                67.13745924566696
            ]
        },
        "9": {
            "0": [
                57.08630893449712,
                76.71266705813412
            ],
            "1": [
                76.71266705813412,
                57.08630893449712
            ]
        },
        "10": {
            "0": [
                70.42703278326333,
                15.762829440429758
            ],
            "1": [
                15.762829440429758,
                70.42703278326333
            ]
        },
        "11": {
            "0": [
                78.24072216581357,
                63.19896246381858
            ],
            "1": [
                63.19896246381858,
                78.24072216581357
            ]
        },
        "12": {
            "0": [
                37.11408935641411,
                12.7910576322775
            ],
            "1": [
                12.7910576322775,
                37.11408935641411
            ]
        },
        "13": {
            "0": [
                87.8974513281051,
                52.54741797989202
            ],
            "1": [
                52.54741797989202,
                87.8974513281051
            ]
        },
        "14": {
            "0": [
                74.69415316592227,
                89.09315202299335
            ],
            "1": [
                89.09315202299335,
                74.69415316592227
            ]
        },
        "15": {
            "0": [
                74.27165352500823,
                92.8988800825487
            ],
            "1": [
                92.8988800825487,
                74.27165352500823
            ]
        },
        "16": {
            "0": [
                45.546706360066956,
                82.08178938867054
            ],
            "1": [
                82.08178938867054,
                45.546706360066956
            ]
        },
        "17": {
            "0": [
                50.01589504456846,
                94.2028049534069
            ],
            "1": [
                94.2028049534069,
                50.01589504456846
            ]
        },
        "18": {
            "0": [
                89.09799943042374,
                18.770887875778946
            ],
            "1": [
                18.770887875778946,
                89.09799943042374
            ]
        },
        "19": {
            "0": [
                22.237197418060198,
                29.52882471098236
            ],
            "1": [
                29.52882471098236,
                22.237197418060198
            ]
        },
        "20": {
            "0": [
                96.89321250083826,
                49.25456799646864
            ],
            "1": [
                49.25456799646864,
                96.89321250083826
            ]
        },
        "21": {
            "0": [
                66.39834617801236,
                37.092357858295486
            ],
            "1": [
                37.092357858295486,
                66.39834617801236
            ]
        },
        "22": {
            "0": [
                55.651868544615354,
                44.72796329604123
            ],
            "1": [
                44.72796329604123,
                55.651868544615354
            ]
        },
        "23": {
            "0": [
                41.5819439893162,
                62.65666966648271
            ],
            "1": [
                62.65666966648271,
                41.5819439893162
            ]
        },
        "24": {
            "0": [
                62.582661367317904,
                91.37815937629976
            ],
            "1": [
                91.37815937629976,
                62.582661367317904
            ]
        },
        "25": {
            "0": [
                62.582661367317904,
                91.37815937629976
            ],
            "1": [
                91.37815937629976,
                62.582661367317904
            ]
        },
        "26": {
            "0": [
                71.378392297147,
                93.60510410800153
            ],
            "1": [
                93.60510410800153,
                71.378392297147
            ]
        },
        "27": {
            "0": [
                71.378392297147,
                93.60510410800153
            ],
            "1": [
                93.60510410800153,
                71.378392297147
            ]
        },
        "28": [
            [
                7,
                60
            ],
            [
                17,
                30
            ],
            [
                2,
                90
            ],
            [
                15,
                60
            ]
        ],
        "29": [
            [
                8,
                120
            ],
            [
                30,
                120
            ],
            [
                15,
                120
            ],
            [
                5,
                120
            ],
            [
                18,
                90
            ],
            [
                35,
                90
            ],
            [
                30,
                90
            ],
            [
                15,
                90
            ],
            [
                10,
                90
            ],
            [
                38,
                60
            ],
            [
                2,
                150
            ],
            [
                35,
                60
            ],
            [
                30,
                60
            ],
            [
                20,
                60
            ],
            [
                40,
                30
            ]
        ]
    },
    "G_list": {
        "0": {
            "0": [
                23,
                0,
                1
            ],
            "1": [
                24,
                25,
                0
            ],
            "2": [
                26,
                27,
                0
            ]
        }
    },
    "E": [
        [
            [
                18,
                17,
                4,
                11,
                29
            ],
            9
        ],
        [
            [
                20,
                18,
                2,
                19,
                0,
                15,
                8,
                17,
                7
            ],
            3
        ],
        [
            [
                17,
                26,
                29,
                15,
                12,
                20,
                4,
                7,
                24
            ],
            2
        ],
        [
            [
                12,
                23,
                0,
                21,
                24,
                2,
                5,
                18,
                1,
                9
            ],
            0
        ],
        [
            [
                15,
                19,
                23,
                12,
                22,
                13
            ],
            6
        ],
        [
            [
                29,
                4,
                11,
                3,
                1,
                28,
                15,
                6,
                8
            ],
            10
        ],
        [
            [
                24,
                20,
                27,
                9,
                13,
                16,
                12,
                18
            ],
            5
        ],
        [
            [
                18,
                13,
                29,
                7,
                10,
                21,
                0,
                8,
                19,
                5
            ],
            5
        ],
        [
            [
                28,
                18,
                29,
                3,
                22,
                20,
                6,
                24,
                27,
                8
            ],
            4
        ],
        [
            [
                2,
                15,
                27
            ],
            10
        ]
    ],
    "a": [
        [
            8.420406230364312,
            4.5596241101284845,
            5.032735144555485,
            5.261838022776404,
            7.868836252485606,
            7.912110669090401,
            8.058486388089388,
            6.876471042286114,
            0.3546065414673203,
            6.866737206439357,
            8.871414242409966,
            0.5797114342643774,
            2.4475843386049405,
            2.2508742980056926,
            2.4368699834073024,
            3.5832087052735746,
            6.281313229886859,
            7.136916167553533,
            -0.9702939402600419,
            0.3634014989328447,
            9.34098825786182,
            4.358253154680647,
            5.441130428302998,
            3.901562069027972,
            5.733575277769547,
            3.5218857219987907,
            7.4699705967646945,
            5.070434901646946,
            8.103610307337059,
            1.752463315031156
        ],
        [
            4.5596241101284845,
            9.983598399133541,
            -0.8739676499935903,
            7.086904998463606,
            2.7981108537635815,
            -0.5041550890610422,
            -0.9174480783752,
            3.1826186831907908,
            7.94543876533808,
            0.17418067231093426,
            0.6426013841362077,
            9.903397244759423,
            3.6562481895129304,
            6.43475914276863,
            0.9401935097585494,
            7.1764919556903255,
            4.4105979718579835,
            2.779521539631618,
            1.2989456716582684,
            -0.4291966491783097,
            -0.6236700921845373,
            0.6927836901577871,
            -0.8717653733998693,
            0.2203889728377062,
            9.244800968646059,
            -0.1468660439425432,
            4.123224883555181,
            2.0755269168526054,
            9.244584675435222,
            9.781881592370992
        ],
        [
            5.032735144555485,
            -0.8739676499935903,
            3.567313781842702,
            2.410183649511023,
            0.4265805157571747,
            8.939702099803762,
            5.91467931330091,
            -0.1210864690387573,
            6.285185637680511,
            7.238614135228454,
            0.05446803925590071,
            4.275488486262975,
            7.018652757911926,
            6.194862085479627,
            -0.24544098092891176,
            7.973229950796883,
            4.760036601686632,
            7.873483391522715,
            7.614982881143174,
            7.004438774279119,
            2.3519531657351602,
            6.81766987791891,
            1.5291712445208634,
            8.189167569546377,
            4.892882759706844,
            0.6853270781069805,
            9.77218615727107,
            0.8561173491104288,
            5.737099550718546,
            -0.12812243068788443
        ],
        [
            5.261838022776404,
            7.086904998463606,
            2.410183649511023,
            1.4479162707251012,
            2.211371799576087,
            6.630761680269803,
            8.488100248597958,
            0.9641175901336752,
            8.760778500377947,
            9.280185789514448,
            7.22970288484181,
            5.5890070592114895,
            -0.054820423590817735,
            7.866605006090204,
            6.874189823818251,
            7.235704603889868,
            4.065867939501832,
            9.249139604693005,
            0.5782488764036382,
            2.0259772300285284,
            5.676257453460207,
            -0.7475099261793595,
            9.639736296954473,
            5.538357949858526,
            3.606138930063903,
            7.390034108682322,
            7.640893228285412,
            -0.8124862064120837,
            -0.6634433680658696,
            1.5272723698964228
        ],
        [
            7.868836252485606,
            2.7981108537635815,
            0.4265805157571747,
            2.211371799576087,
            7.732481169325814,
            9.162402795129662,
            -0.4507496258513758,
            3.106020331896814,
            7.717163235997594,
            -0.32746551892684284,
            9.08275819335154,
            4.148582535875493,
            0.019065647616489434,
            1.9215091554732964,
            7.299284846268831,
            5.511079271784682,
            1.127800618139437,
            8.476059937475364,
            4.059865235328946,
            7.666232305480767,
            9.411934028103282,
            4.13620814689962,
            1.4208978888264907,
            7.962817588250871,
            9.428595171142993,
            6.704663784263926,
            9.771592759184813,
            6.074025844519436,
            5.319595631770954,
            1.1999410846244167
        ],
        [
            7.912110669090401,
            -0.5041550890610422,
            8.939702099803762,
            6.630761680269803,
            9.162402795129662,
            8.862238814824535,
            1.9853673706266655,
            5.648783543355636,
            6.343177342377035,
            2.5667155427012514,
            4.689792710971923,
            8.180729090566206,
            8.173220575237737,
            7.296086612261389,
            4.974486383307253,
            0.6111827228571978,
            4.82502708085474,
            3.8072718954783324,
            1.1482949089260543,
            4.119442959740134,
            -0.034425836649225605,
            7.342965890545033,
            5.186954704457763,
            1.2658626533008421,
            8.934013246457894,
            9.740436204709606,
            -0.6136399329305684,
            8.866717725838079,
            5.0472285395605985,
            -0.1251478070013906
        ],
        [
            8.058486388089388,
            -0.9174480783752,
            5.91467931330091,
            8.488100248597958,
            -0.4507496258513758,
            1.9853673706266655,
            1.9544472232384984,
            7.608840182085039,
            7.071086939441338,
            5.2037508188534085,
            3.8735887814398877,
            8.037766316356976,
            2.209397266785657,
            9.574589995472387,
            7.13602582596538,
            3.382613657267034,
            -0.5923151005808227,
            7.325343671662983,
            1.3021616208888407,
            9.262107473450225,
            2.227768868395807,
            6.450640732546247,
            3.615837086397099,
            4.9310025727980165,
            9.445645067855716,
            9.776159225897128,
            1.0354324476878856,
            8.96777410105506,
            4.363459358941574,
            4.788747029501739
        ],
        [
            6.876471042286114,
            3.1826186831907908,
            -0.1210864690387573,
            0.9641175901336752,
            3.106020331896814,
            5.648783543355636,
            7.608840182085039,
            3.1829115003603743,
            5.202283500520025,
            8.10865264274713,
            6.90801705002157,
            5.128333719860556,
            2.923271931528496,
            6.401075551111404,
            2.9514458037793707,
            1.1300229280584961,
            4.504917459089515,
            4.335019361033373,
            0.8784030558900189,
            2.306029702531306,
            8.34896182673942,
            0.06796165198787896,
            7.592629976415656,
            4.105915280372548,
            4.326097800067202,
            8.637581750577693,
            -0.8549322557081779,
            4.142356304321411,
            2.0783444765263983,
            7.173209458255387
        ],
        [
            0.3546065414673203,
            7.94543876533808,
            6.285185637680511,
            8.760778500377947,
            7.717163235997594,
            6.343177342377035,
            7.071086939441338,
            5.202283500520025,
            0.13446569388977192,
            1.66338668750112,
            1.0472213737601983,
            4.294292501514285,
            5.383300506137557,
            4.897840356696287,
            1.9243067501431317,
            4.8036133488539186,
            6.105541835829883,
            0.2003435466868284,
            3.4412198255969484,
            1.749700495394665,
            0.26141037480729,
            1.608880330678312,
            5.647884946376672,
            7.0080958609971,
            7.50804214040711,
            3.098388428769848,
            3.7559291865589923,
            6.320352787533244,
            6.803354064309995,
            8.22112164169389
        ],
        [
            6.866737206439357,
            0.17418067231093426,
            7.238614135228454,
            9.280185789514448,
            -0.32746551892684284,
            2.5667155427012514,
            5.2037508188534085,
            8.10865264274713,
            1.66338668750112,
            0.9774968557484571,
            1.9409309869451503,
            6.9277992084333295,
            6.430580978863406,
            0.24625657003898693,
            3.217176516266175,
            5.252050257979166,
            3.8864446671851685,
            -0.5302828364578069,
            0.8510339707426386,
            1.9239557112101124,
            3.2884974630169106,
            8.28020446609546,
            7.675053102610743,
            -0.15037647070566118,
            3.476794385636718,
            0.7748026307242633,
            2.720958770743457,
            9.21481264727032,
            9.027862295091658,
            5.942285524494203
        ],
        [
            8.871414242409966,
            0.6426013841362077,
            0.05446803925590071,
            7.22970288484181,
            9.08275819335154,
            4.689792710971923,
            3.8735887814398877,
            6.90801705002157,
            1.0472213737601983,
            1.9409309869451503,
            1.1909782038040984,
            8.42313838320306,
            -0.9242793446538908,
            4.432687950100841,
            8.597942028207791,
            1.2228440534640446,
            5.226050012676296,
            -0.14263458328109457,
            -0.6976909895848695,
            7.961362039346717,
            2.6760023899501664,
            6.066178110397354,
            4.887418967514439,
            2.807642021115915,
            9.970320608193358,
            2.431339169592559,
            -0.4361106705788197,
            7.954103870332775,
            0.12703221877702608,
            7.995897357810671
        ],
        [
            0.5797114342643774,
            9.903397244759423,
            4.275488486262975,
            5.5890070592114895,
            4.148582535875493,
            8.180729090566206,
            8.037766316356976,
            5.128333719860556,
            4.294292501514285,
            6.9277992084333295,
            8.42313838320306,
            3.4028854043354553,
            2.682821308420343,
            2.8737354923393914,
            -0.536780906724268,
            1.751656532776341,
            9.549240665380799,
            1.2033303883984154,
            0.21076289337497212,
            5.920143626040165,
            6.48052540094923,
            8.663871636496136,
            1.0697591613406936,
            4.3299541643980195,
            9.123353595917083,
            4.094690957778083,
            5.006172462727754,
            5.629125391451103,
            6.3556154506976865,
            -0.9409754249198637
        ],
        [
            2.4475843386049405,
            3.6562481895129304,
            7.018652757911926,
            -0.054820423590817735,
            0.019065647616489434,
            8.173220575237737,
            2.209397266785657,
            2.923271931528496,
            5.383300506137557,
            6.430580978863406,
            -0.9242793446538908,
            2.682821308420343,
            3.798434758010748,
            6.8990263882179566,
            4.55182973283491,
            7.598292374783682,
            8.812554006864884,
            0.7690448634805969,
            0.8505621319275063,
            2.792130555864328,
            9.21371341072663,
            8.594838168695325,
            0.9537077832692327,
            -0.2132023039218206,
            2.2124807054720232,
            4.78534501034278,
            0.03199395500277036,
            3.558703311395659,
            3.084327015058382,
            2.1041514926996134
        ],
        [
            2.2508742980056926,
            6.43475914276863,
            6.194862085479627,
            7.866605006090204,
            1.9215091554732964,
            7.296086612261389,
            9.574589995472387,
            6.401075551111404,
            4.897840356696287,
            0.24625657003898693,
            4.432687950100841,
            2.8737354923393914,
            6.8990263882179566,
            6.463982254317653,
            1.719159213080303,
            -0.6690379957462201,
            0.4914656366381249,
            4.468540424153759,
            4.39302660549292,
            0.030874644398148465,
            0.9209409818956984,
            3.9489476690510825,
            -0.12959112633392977,
            5.079727080090425,
            9.276149147743793,
            4.962813224261608,
            2.4277671268503282,
            4.702505021942071,
            4.662722806312383,
            9.5728730381473
        ],
        [
            2.4368699834073024,
            0.9401935097585494,
            -0.24544098092891176,
            6.874189823818251,
            7.299284846268831,
            4.974486383307253,
            7.13602582596538,
            2.9514458037793707,
            1.9243067501431317,
            3.217176516266175,
            8.597942028207791,
            -0.536780906724268,
            4.55182973283491,
            1.719159213080303,
            7.457915199264384,
            7.83472107271256,
            7.7161322830325965,
            6.692057726888604,
            -0.3431048225055401,
            6.506384989539658,
            7.137739081006819,
            8.865837600502768,
            8.080647385636215,
            7.088496364736015,
            1.030439472323068,
            2.9568571263688987,
            1.7195603057124926,
            0.8786997961341874,
            8.852710718497828,
            -0.2368266825098173
        ],
        [
            3.5832087052735746,
            7.1764919556903255,
            7.973229950796883,
            7.235704603889868,
            5.511079271784682,
            0.6111827228571978,
            3.382613657267034,
            1.1300229280584961,
            4.8036133488539186,
            5.252050257979166,
            1.2228440534640446,
            1.751656532776341,
            7.598292374783682,
            -0.6690379957462201,
            7.83472107271256,
            8.803201246853908,
            5.856056840410946,
            4.911792638671718,
            -0.7532846895293539,
            9.661940976852394,
            7.07346220496672,
            7.0614356183447065,
            0.23785341217857514,
            3.6513680713265764,
            0.054540368251312366,
            8.37963350245677,
            7.823397081231333,
            1.0124431759943184,
            9.563525677415742,
            1.943852177439382
        ],
        [
            6.281313229886859,
            4.4105979718579835,
            4.760036601686632,
            4.065867939501832,
            1.127800618139437,
            4.82502708085474,
            -0.5923151005808227,
            4.504917459089515,
            6.105541835829883,
            3.8864446671851685,
            5.226050012676296,
            9.549240665380799,
            8.812554006864884,
            0.4914656366381249,
            7.7161322830325965,
            5.856056840410946,
            -0.44332312583410616,
            3.6432228706201624,
            3.9282531775267486,
            5.5148349239972765,
            8.192230033234885,
            2.6708275375244583,
            -0.7360602062365744,
            6.132511561639958,
            6.945946735572382,
            2.1370555112030054,
            3.6004048805820057,
            6.5216707329097225,
            6.079095698343866,
            4.311270543034543
        ],
        [
            7.136916167553533,
            2.779521539631618,
            7.873483391522715,
            9.249139604693005,
            8.476059937475364,
            3.8072718954783324,
            7.325343671662983,
            4.335019361033373,
            0.2003435466868284,
            -0.5302828364578069,
            -0.14263458328109457,
            1.2033303883984154,
            0.7690448634805969,
            4.468540424153759,
            6.692057726888604,
            4.911792638671718,
            3.6432228706201624,
            6.14166497721677,
            3.4851726693006437,
            -0.9597812060068045,
            5.086702033516767,
            3.0710237698132685,
            9.630567581321644,
            5.664562349808389,
            2.2372714097704005,
            4.09473832032373,
            1.8639047349606899,
            9.91324464346493,
            1.1459576891745553,
            1.9464947222428446
        ],
        [
            -0.9702939402600419,
            1.2989456716582684,
            7.614982881143174,
            0.5782488764036382,
            4.059865235328946,
            1.1482949089260543,
            1.3021616208888407,
            0.8784030558900189,
            3.4412198255969484,
            0.8510339707426386,
            -0.6976909895848695,
            0.21076289337497212,
            0.8505621319275063,
            4.39302660549292,
            -0.3431048225055401,
            -0.7532846895293539,
            3.9282531775267486,
            3.4851726693006437,
            6.737875907525387,
            -0.6666812711271838,
            9.15853404271017,
            -0.20737510067778175,
            1.1918248785657468,
            1.355837335800416,
            4.714024437032866,
            8.754924013855247,
            -0.5159173881800376,
            5.017731697240723,
            9.127799673406948,
            5.007415146790107
        ],
        [
            0.3634014989328447,
            -0.4291966491783097,
            7.004438774279119,
            2.0259772300285284,
            7.666232305480767,
            4.119442959740134,
            9.262107473450225,
            2.306029702531306,
            1.749700495394665,
            1.9239557112101124,
            7.961362039346717,
            5.920143626040165,
            2.792130555864328,
            0.030874644398148465,
            6.506384989539658,
            9.661940976852394,
            5.5148349239972765,
            -0.9597812060068045,
            -0.6666812711271838,
            -0.004121227489248258,
            2.9910799698427244,
            3.392663312373072,
            8.82612197701177,
            2.8560071603777653,
            6.0317637562235475,
            7.8785181875498385,
            3.7251938314025574,
            3.4896018171005903,
            0.9924242287322147,
            -0.4814918419628177
        ],
        [
            9.34098825786182,
            -0.6236700921845373,
            2.3519531657351602,
            5.676257453460207,
            9.411934028103282,
            -0.034425836649225605,
            2.227768868395807,
            8.34896182673942,
            0.26141037480729,
            3.2884974630169106,
            2.6760023899501664,
            6.48052540094923,
            9.21371341072663,
            0.9209409818956984,
            7.137739081006819,
            7.07346220496672,
            8.192230033234885,
            5.086702033516767,
            9.15853404271017,
            2.9910799698427244,
            3.5619508387366885,
            9.512601346319727,
            -0.05650405437079442,
            9.953182911034245,
            -0.5538186792808366,
            2.271384874154789,
            5.902325898078601,
            2.870913847425776,
            3.2163354706524308,
            1.5953819405469614
        ],
        [
            4.358253154680647,
            0.6927836901577871,
            6.81766987791891,
            -0.7475099261793595,
            4.13620814689962,
            7.342965890545033,
            6.450640732546247,
            0.06796165198787896,
            1.608880330678312,
            8.28020446609546,
            6.066178110397354,
            8.663871636496136,
            8.594838168695325,
            3.9489476690510825,
            8.865837600502768,
            7.0614356183447065,
            2.6708275375244583,
            3.0710237698132685,
            -0.20737510067778175,
            3.392663312373072,
            9.512601346319727,
            0.1549623736975596,
            4.117581698226984,
            2.6872367009337683,
            7.1970352923923215,
            1.6686358245568873,
            6.427490799289637,
            4.003808685115141,
            8.109942990260869,
            9.533232084277834
        ],
        [
            5.441130428302998,
            -0.8717653733998693,
            1.5291712445208634,
            9.639736296954473,
            1.4208978888264907,
            5.186954704457763,
            3.615837086397099,
            7.592629976415656,
            5.647884946376672,
            7.675053102610743,
            4.887418967514439,
            1.0697591613406936,
            0.9537077832692327,
            -0.12959112633392977,
            8.080647385636215,
            0.23785341217857514,
            -0.7360602062365744,
            9.630567581321644,
            1.1918248785657468,
            8.82612197701177,
            -0.05650405437079442,
            4.117581698226984,
            1.4502789235119793,
            3.7391263680836797,
            2.0358163819409665,
            7.873371874654639,
            9.0380747569738,
            7.832408247972378,
            2.478158075677534,
            0.5863842192940945
        ],
        [
            3.901562069027972,
            0.2203889728377062,
            8.189167569546377,
            5.538357949858526,
            7.962817588250871,
            1.2658626533008421,
            4.9310025727980165,
            4.105915280372548,
            7.0080958609971,
            -0.15037647070566118,
            2.807642021115915,
            4.3299541643980195,
            -0.2132023039218206,
            5.079727080090425,
            7.088496364736015,
            3.6513680713265764,
            6.132511561639958,
            5.664562349808389,
            1.355837335800416,
            2.8560071603777653,
            9.953182911034245,
            2.6872367009337683,
            3.7391263680836797,
            0,
            0,
            0,
            0,
            0,
            1.9797633540363329,
            8.960412388747878
        ],
        [
            5.733575277769547,
            9.244800968646059,
            4.892882759706844,
            3.606138930063903,
            9.428595171142993,
            8.934013246457894,
            9.445645067855716,
            4.326097800067202,
            7.50804214040711,
            3.476794385636718,
            9.970320608193358,
            9.123353595917083,
            2.2124807054720232,
            9.276149147743793,
            1.030439472323068,
            0.054540368251312366,
            6.945946735572382,
            2.2372714097704005,
            4.714024437032866,
            6.0317637562235475,
            -0.5538186792808366,
            7.1970352923923215,
            2.0358163819409665,
            0,
            0,
            0,
            0,
            0,
            9.449050571149114,
            0.9570283337694891
        ],
        [
            3.5218857219987907,
            -0.1468660439425432,
            0.6853270781069805,
            7.390034108682322,
            6.704663784263926,
            9.740436204709606,
            9.776159225897128,
            8.637581750577693,
            3.098388428769848,
            0.7748026307242633,
            2.431339169592559,
            4.094690957778083,
            4.78534501034278,
            4.962813224261608,
            2.9568571263688987,
            8.37963350245677,
            2.1370555112030054,
            4.09473832032373,
            8.754924013855247,
            7.8785181875498385,
            2.271384874154789,
            1.6686358245568873,
            7.873371874654639,
            0,
            0,
            0,
            0,
            0,
            9.381841849417613,
            9.920982034062462
        ],
        [
            7.4699705967646945,
            4.123224883555181,
            9.77218615727107,
            7.640893228285412,
            9.771592759184813,
            -0.6136399329305684,
            1.0354324476878856,
            -0.8549322557081779,
            3.7559291865589923,
            2.720958770743457,
            -0.4361106705788197,
            5.006172462727754,
            0.03199395500277036,
            2.4277671268503282,
            1.7195603057124926,
            7.823397081231333,
            3.6004048805820057,
            1.8639047349606899,
            -0.5159173881800376,
            3.7251938314025574,
            5.902325898078601,
            6.427490799289637,
            9.0380747569738,
            0,
            0,
            0,
            0,
            0,
            2.4913386755899998,
            6.420572224063245
        ],
        [
            5.070434901646946,
            2.0755269168526054,
            0.8561173491104288,
            -0.8124862064120837,
            6.074025844519436,
            8.866717725838079,
            8.96777410105506,
            4.142356304321411,
            6.320352787533244,
            9.21481264727032,
            7.954103870332775,
            5.629125391451103,
            3.558703311395659,
            4.702505021942071,
            0.8786997961341874,
            1.0124431759943184,
            6.5216707329097225,
            9.91324464346493,
            5.017731697240723,
            3.4896018171005903,
            2.870913847425776,
            4.003808685115141,
            7.832408247972378,
            0,
            0,
            0,
            0,
            0,
            3.3178853847604204,
            6.116240099771367
        ],
        [
            8.103610307337059,
            9.244584675435222,
            5.737099550718546,
            -0.6634433680658696,
            5.319595631770954,
            5.0472285395605985,
            4.363459358941574,
            2.0783444765263983,
            6.803354064309995,
            9.027862295091658,
            0.12703221877702608,
            6.3556154506976865,
            3.084327015058382,
            4.662722806312383,
            8.852710718497828,
            9.563525677415742,
            6.079095698343866,
            1.1459576891745553,
            9.127799673406948,
            0.9924242287322147,
            3.2163354706524308,
            8.109942990260869,
            2.478158075677534,
            1.9797633540363329,
            9.449050571149114,
            9.381841849417613,
            2.4913386755899998,
            3.3178853847604204,
            2.1014236613442465,
            0.564338544828352
        ],
        [
            1.752463315031156,
            9.781881592370992,
            -0.12812243068788443,
            1.5272723698964228,
            1.1999410846244167,
            -0.1251478070013906,
            4.788747029501739,
            7.173209458255387,
            8.22112164169389,
            5.942285524494203,
            7.995897357810671,
            -0.9409754249198637,
            2.1041514926996134,
            9.5728730381473,
            -0.2368266825098173,
            1.943852177439382,
            4.311270543034543,
            1.9464947222428446,
            5.007415146790107,
            -0.4814918419628177,
            1.5953819405469614,
            9.533232084277834,
            0.5863842192940945,
            8.960412388747878,
            0.9570283337694891,
            9.920982034062462,
            6.420572224063245,
            6.116240099771367,
            0.564338544828352,
            -0.39965937299083143
        ]
    ]
}