{
    "R": {
        "0": {
            "0": [
                31.416816438270224,
                58.980630276635665
            ],
            "1": [
                58.980630276635665,
                31.416816438270224
            ]
        },
        "1": {
            "0": [
                43.29596498932713,
                64.3528034736575
            ],
            "1": [
                64.3528034736575,
                43.29596498932713
            ]
        },
        "2": {
            "0": [
                66.31482736972487,
                15.89759733158318
            ],
            "1": [
                15.89759733158318,
                66.31482736972487
            ]
        },
        "3": {
            "0": [
                11.185119239938672,
                85.37221738868139
            ],
            "1": [
                85.37221738868139,
                11.185119239938672
            ]
        },
        "4": {
            "0": [
                33.341861289520686,
                31.089786494202674
            ],
            "1": [
                31.089786494202674,
                33.341861289520686
            ]
        },
        "5": {
            "0": [
                99.60803519594165,
                52.32371567702032
            ],
            "1": [
                52.32371567702032,
                99.60803519594165
            ]
        },
        "6": {
            "0": [
                85.28153061469499,
                52.87178878294014
            ],
            "1": [
                52.87178878294014,
                85.28153061469499
            ]
        },
        "7": {
            "0": [
                67.51613264897458,
                23.555478162117154
            ],
            "1": [
                23.555478162117154,
                67.51613264897458
            ]
        },
        "8": {
            "0": [
                67.13745924566696,
                88.12407764289671
            ],
            "1": [
                88.12407764289671,
                67.13745924566696
            ]
        },
        "9": {
            "0": [
                57.08630893449712,
                76.71266705813412
            ],
            "1": [
                76.71266705813412,
                57.08630893449712
            ]
        },
        "10": {
            "0": [
                57.08630893449712,
                76.71266705813412
            ],
            "1": [
                76.71266705813412,
                57.08630893449712
            ]
        },
        "11": {
            "0": [
                70.42703278326333,
                15.762829440429758
            ],
            "1": [
                15.762829440429758,
                70.42703278326333
            ]
        },
        "12": {
            "0": [
                70.42703278326333,
                15.762829440429758
            ],
            "1": [
                15.762829440429758,
                70.42703278326333
            ]
        },
        "13": [
            [
                7,
                60
            ],
            [
                17,
                30
            ],
            [
                2,
                90
            ],
            [
                15,
                60
            ]
        ],
        "14": [
            [
                8,
                120
            ],
            [
                30,
                120
            ],
            [
                15,
                120
            ],
            [
                5,
                120
            ],
            [
                18,
                90
            ],
            [
                35,
                90
            ],
            [
                30,
                90
            ],
            [
                15,
                90
            ],
            [
                10,
                90
            ],
            [
                38,
                60
            ],
            [
                2,
                150
            ],
            [
                35,
                60
            ],
            [
                30,
                60
            ],
            [
                20,
                60
            ],
            [
                40,
                30
            ]
        ]
    },
    "G_list": {
        "0": {
            "0": [
                8,
                0,
                1
            ],
            "1": [
                9,
                10,
                0
            ],
            "2": [
                11,
                12,
                0
            ]
        }
    },
    "E": [
        [
            [
                9,
                8,
                2
            ],
            5
        ],
        [
            [
                10,
                9,
                1,
                13,
                0
            ],
            7
        ],
        [
            [
                8,
                3,
                13,
                11
            ],
            7
        ],
        [
            [
                6,
                10,
                2,
                3,
                13
            ],
            2
        ],
        [
            [
                11,
                0,
                10,
                1,
                2
            ],
            9
        ]
    ],
    "a": [
        [
            7.34053270915499,
            0.07199740703964919,
            8.420406230364312,
            9.887866164137394,
            4.5596241101284845,
            3.1556816335340097,
            5.032735144555485,
            -0.3336551598962295,
            5.261838022776404,
            0.8621265581207849,
            7.868836252485606,
            9.856050205316752,
            7.912110669090401,
            9.329467095761988,
            8.058486388089388
        ],
        [
            0.07199740703964919,
            0.49565746220735774,
            9.900886093556966,
            -0.02630097579298807,
            9.983598399133541,
            4.064505961304953,
            -0.8739676499935903,
            6.436223404361145,
            7.086904998463606,
            2.7038125854936883,
            2.7981108537635815,
            3.7778754394321625,
            -0.5041550890610422,
            5.733803005885037,
            -0.9174480783752
        ],
        [
            8.420406230364312,
            9.900886093556966,
            6.3840089637877,
            7.806548533832521,
            2.4063705882397293,
            4.720802830518203,
            3.567313781842702,
            9.59636138424883,
            2.410183649511023,
            6.1525561392174435,
            0.4265805157571747,
            9.451772830213251,
            8.939702099803762,
            2.7548792315979465,
            5.91467931330091
        ],
        [
            9.887866164137394,
            -0.02630097579298807,
            7.806548533832521,
            3.5150801008049974,
            -0.15332224824046914,
            6.082775902264996,
            5.379617351767721,
            1.7623450600181725,
            1.4479162707251012,
            8.733880991134175,
            2.211371799576087,
            9.201149358524724,
            6.630761680269803,
            1.7772232867173416,
            8.488100248597958
        ],
        [
            4.5596241101284845,
            9.983598399133541,
            2.4063705882397293,
            -0.15332224824046914,
            5.597390896762608,
            5.5521526224216755,
            -0.7794182066494073,
            4.019433426000171,
            7.841884374344046,
            3.962124027137448,
            7.732481169325814,
            1.4429980989955338,
            9.162402795129662,
            8.478311881056337,
            -0.4507496258513758
        ],
        [
            3.1556816335340097,
            4.064505961304953,
            4.720802830518203,
            6.082775902264996,
            5.5521526224216755,
            5.151871682169295,
            5.773777354368824,
            5.519390632331381,
            1.625646945876261,
            1.4753062699517328,
            1.9829194330567765,
            7.20075310039061,
            8.862238814824535,
            4.249172463469695,
            1.9853673706266655
        ],
        [
            5.032735144555485,
            -0.8739676499935903,
            3.567313781842702,
            5.379617351767721,
            -0.7794182066494073,
            5.773777354368824,
            5.95398588825727,
            2.520279243228072,
            1.061337750097361,
            0.3301125718131508,
            2.809897087335388,
            8.203685472065098,
            8.896423196261779,
            7.60557622965462,
            1.9544472232384984
        ],
        [
            -0.3336551598962295,
            6.436223404361145,
            9.59636138424883,
            1.7623450600181725,
            4.019433426000171,
            5.519390632331381,
            2.520279243228072,
            3.003505982739526,
            3.787577525861031,
            4.825903911392326,
            3.5859626546083856,
            6.292859205813397,
            5.346487444213967,
            2.870257932162545,
            4.7999279626935145
        ],
        [
            5.261838022776404,
            7.086904998463606,
            2.410183649511023,
            1.4479162707251012,
            7.841884374344046,
            1.625646945876261,
            1.061337750097361,
            3.787577525861031,
            0,
            0,
            0,
            0,
            0,
            1.1706703926953024,
            3.652824048405151
        ],
        [
            0.8621265581207849,
            2.7038125854936883,
            6.1525561392174435,
            8.733880991134175,
            3.962124027137448,
            1.4753062699517328,
            0.3301125718131508,
            4.825903911392326,
            0,
            0,
            0,
            0,
            0,
            4.881007446080548,
            4.201900143580717
        ],
        [
            7.868836252485606,
            2.7981108537635815,
            0.4265805157571747,
            2.211371799576087,
            7.732481169325814,
            1.9829194330567765,
            2.809897087335388,
            3.5859626546083856,
            0,
            0,
            0,
            0,
            0,
            7.984919319386151,
            7.5414742679505515
        ],
        [
            9.856050205316752,
            3.7778754394321625,
            9.451772830213251,
            9.201149358524724,
            1.4429980989955338,
            7.20075310039061,
            8.203685472065098,
            6.292859205813397,
            0,
            0,
            0,
            0,
            0,
            0.8843248682768832,
            -0.9801048530098291
        ],
        [
            7.912110669090401,
            -0.5041550890610422,
            8.939702099803762,
            6.630761680269803,
            9.162402795129662,
            8.862238814824535,
            8.896423196261779,
            5.346487444213967,
            0,
            0,
            0,
            0,
            0,
            7.708391107703351,
            -0.39683051759227594
        ],
        [
            9.329467095761988,
            5.733803005885037,
            2.7548792315979465,
            1.7772232867173416,
            8.478311881056337,
            4.249172463469695,
            7.60557622965462,
            2.870257932162545,
            1.1706703926953024,
            4.881007446080548,
            7.984919319386151,
            0.8843248682768832,
            7.708391107703351,
            9.139431624009951,
            0.39549614867592897
        ],
        [
            8.058486388089388,
            -0.9174480783752,
            5.91467931330091,
            8.488100248597958,
            -0.4507496258513758,
            1.9853673706266655,
            1.9544472232384984,
            4.7999279626935145,
            3.652824048405151,
            4.201900143580717,
            7.5414742679505515,
            -0.9801048530098291,
            -0.39683051759227594,
            0.39549614867592897,
            0.3708885799956789
        ]
    ]
}